$ANSIBLE_VAULT;1.1;AES256
63323131303464623661323161383439353464373737303730396334616532303963343965643766
3035623562373264633338326464303063323564353935340a613364346264336134306637613335
66383334626162616233386461383631363934323462343832613965313938616632353635363135
3630396634636361650a666330353138386161653962653830313865383535313731373636356533
61363237323763383639333965666661393437303663376136353131333430313439623331393762
63326535646639363361313236376362663234333564636166643833356163653935383433363930
63396137313732386335326138366663333963333738666438356263333230653464356632613939
33373135346438346338643134393735336634613630316332613862653964326530613065363762
63623234373831336465323963343834343335623036313735636539616364663932393235373233
34656133376131653564633131366238353066636161386165613961316166383632363863303139
65386237316435663739336331613939633663666463303031643335623734393764343266303737
31633436353466383563626536333935393939326132323463303934653936376563653530353838
66623731353761376539386237623765363862663538353030663963613734363464313361383762
38306233303631616238393635333338396235306330653038323466396238613863663166663235
31633333336635616238613463623535646565633730323734633931383864363638653666343132
35306263356536626430343762396530646636366536393730333533666234663834333361343430
35643131393265613835323533663038643665363938323732373631333333323433383363616666
65633135373132376466376238646563613931356636383064656639623135336534313830373066
35666366336366346431353536316530333036363166633730386566636564376132626364373637
38353530303164613165353435356535363263396337646538663133643230353435323666633639
33626264643932396630616532343361653264383164613366383964636636613866626262373833
32623862373730353838636139306136333762363230376433316538623835366662363536643233
37336539306232393166663035343333333933346334336363663836653634336163366336633062
33383633396537393861316334333738363462326664316232626339336530623331383761383866
3734
