$ANSIBLE_VAULT;1.1;AES256
33626338663838363834303937313130333030656538313330626632646666613038313233616632
6530383739393330613938393536353466393730633762610a643764646634663631366631363637
38383963363037646637643231353138353565386335393039653462383266313663366331396666
6339356630396466610a323435353932373230383733343437363463653062333039643531613939
65653966376632373032303135613766663238643439636639633632646235633434313165306232
63353039333964663938343134336666653134353862343136396133353862343834303734656465
64333834333964306330646266383166316434313431626438373532303364643930346266343839
33326437616563393236616364313765626439336261346262656637303636353837353562343634
63323165306161396365666565613264396136653838663233323731646262323164636362373833
31386262343861666165623037346563346164303732393139613032316163663036623761343930
33616233653830363837633138623237653763663932646134323936633336363533643739623733
64353231613361303536363866366431336338653530393966343964663038316336336530356130
31346135313539333334663035666264346637383839613030333038373938366465353064376338
3737653737646332616633366434313362346563363762646231
